images_416x416\191.jpg 98,180,334,314,0 169,110,224,187,1
images_416x416\187.jpg 140,213,403,386,0 119,78,217,173,1
images_416x416\011.jpg 176,72,237,178,1 94,201,284,306,0
images_416x416\081.jpg 6,160,395,396,0 134,71,185,160,1 297,62,339,120,1
images_416x416\160.jpg 112,146,307,273,0
images_416x416\094.jpg 49,64,321,338,0
images_416x416\198.jpg 109,67,186,175,1 96,242,326,380,0
images_416x416\181.jpg 111,334,256,416,0 26,248,200,310,0 76,198,214,240,0 78,161,195,195,0 117,97,211,152,0
images_416x416\057.jpg 94,201,335,406,0 95,67,178,199,1
images_416x416\076.jpg 70,246,296,327,0 164,25,241,144,1
images_416x416\156.jpg 1,153,378,402,0
images_416x416\123.jpg 54,254,402,396,0 134,14,194,130,1 300,110,364,219,1
images_416x416\122.jpg 24,124,370,352,0
images_416x416\110.jpg 44,134,404,372,0 161,0,283,150,1
images_416x416\073.jpg 147,108,227,216,1 36,211,370,373,0
images_416x416\169.jpg 51,104,212,236,0 61,237,163,404,0
images_416x416\015.jpg 175,4,262,124,1 65,211,366,404,0
images_416x416\159.jpg 145,52,244,131,1 79,184,342,287,0
images_416x416\071.jpg 4,92,381,283,0
images_416x416\120.jpg 49,68,416,354,0
images_416x416\168.jpg 150,229,293,313,0 175,60,220,147,1
images_416x416\044.jpg 22,85,410,292,0
images_416x416\171.jpg 58,225,320,378,0 167,19,257,170,1
images_416x416\079.jpg 74,173,375,352,0 179,31,277,169,1
images_416x416\185.jpg 89,269,226,343,0 133,14,193,131,1
images_416x416\194.jpg 149,43,215,133,1 82,261,303,378,0
images_416x416\184.jpg 173,186,231,360,0
images_416x416\100.jpg 162,40,225,106,1 164,273,249,288,0
images_416x416\119.jpg 74,105,342,247,0
images_416x416\196.jpg 107,211,379,364,0 159,34,226,124,1
images_416x416\087.jpg 119,9,210,180,1 117,211,330,364,0
images_416x416\004.jpg 38,133,408,290,0
images_416x416\069.jpg 165,92,245,225,1 82,234,338,345,0
images_416x416\039.jpg 147,199,271,273,0 156,110,201,182,1
images_416x416\012.jpg 179,24,277,180,1 22,198,305,360,0
images_416x416\116.jpg 167,75,249,382,0 69,39,166,336,0 269,104,338,332,0
images_416x416\124.jpg 173,30,236,141,1 99,176,323,276,0
images_416x416\019.jpg 148,48,209,166,1 120,169,366,299,0
images_416x416\031.jpg 185,40,264,107,1 12,133,378,261,0
images_416x416\140.jpg 138,183,406,308,0 116,15,221,167,1
images_416x416\028.jpg 185,40,245,136,1 73,259,226,357,0
images_416x416\108.jpg 16,128,402,415,0
images_416x416\055.jpg 125,233,287,336,0 182,66,239,165,1
images_416x416\047.jpg 158,43,266,156,1 23,183,409,328,0
images_416x416\143.jpg 39,194,323,341,0 146,16,235,139,1
images_416x416\041.jpg 3,123,350,302,0
images_416x416\014.jpg 128,15,233,171,1 7,185,405,380,0
images_416x416\142.jpg 27,131,364,318,0
images_416x416\062.jpg 128,163,308,211,0 194,40,260,100,1
images_416x416\064.jpg 29,209,234,306,0 203,36,271,159,1
images_416x416\136.jpg 33,135,367,322,0
images_416x416\104.jpg 21,117,392,346,0
images_416x416\183.jpg 45,121,396,320,0
images_416x416\145.jpg 150,0,227,122,1 113,218,330,314,0
images_416x416\189.jpg 165,77,227,185,1 128,173,292,316,0
images_416x416\164.jpg 105,83,321,308,0
images_416x416\144.jpg 204,84,283,208,1 118,145,186,374,0
images_416x416\127.jpg 146,1,228,142,1 39,178,367,415,0
images_416x416\026.jpg 156,15,232,150,1 30,158,353,350,0
images_416x416\137.jpg 140,224,219,416,0 127,4,255,133,1
images_416x416\177.jpg 12,294,352,375,0 83,14,202,137,1
images_416x416\172.jpg 110,281,325,416,0 167,0,249,164,1
images_416x416\082.jpg 0,198,416,367,0 212,11,339,150,1
images_416x416\151.jpg 30,141,398,361,0 153,58,228,141,1
images_416x416\045.jpg 51,191,399,404,0 136,21,240,172,1
images_416x416\066.jpg 39,234,313,353,0 171,26,238,149,1
images_416x416\049.jpg 51,48,413,292,0
images_416x416\078.jpg 139,260,278,345,0 144,2,229,167,1
images_416x416\075.jpg 60,158,351,315,0 174,32,248,151,1
images_416x416\061.jpg 143,170,415,361,0
images_416x416\152.jpg 160,23,222,138,1 87,168,305,325,0
images_416x416\186.jpg 217,59,283,161,1 91,284,252,371,0
images_416x416\115.jpg 99,189,298,303,0 157,10,223,142,1
images_416x416\032.jpg 6,28,412,362,0
images_416x416\060.jpg 49,162,379,318,0 212,38,292,162,1
images_416x416\056.jpg 82,243,384,416,0 162,10,246,166,1
images_416x416\126.jpg 163,18,287,152,1 44,143,356,251,0
images_416x416\086.jpg 29,197,179,314,0 52,39,111,151,1
images_416x416\141.jpg 3,63,415,328,0
images_416x416\009.jpg 143,33,249,205,1 52,219,391,392,0
images_416x416\097.jpg 254,34,344,175,1 18,133,352,303,0
images_416x416\157.jpg 178,11,250,124,1 158,190,377,270,0
images_416x416\193.jpg 26,154,412,336,0
images_416x416\182.jpg 188,45,242,146,1 125,260,303,380,1
images_416x416\029.jpg 91,0,209,91,1 19,188,316,319,0
images_416x416\002.jpg 40,190,345,361,0 197,11,308,169,1
images_416x416\176.jpg 128,0,216,139,1 20,159,371,384,0
images_416x416\109.jpg 36,193,413,362,0 156,98,227,192,1
images_416x416\130.jpg 143,56,220,152,1 58,204,296,294,0
images_416x416\192.jpg 15,111,411,297,0
images_416x416\128.jpg 0,12,398,371,0
images_416x416\030.jpg 144,19,234,154,1 104,285,392,414,0
images_416x416\074.jpg 140,47,244,207,1 29,208,327,412,0
images_416x416\112.jpg 149,4,230,135,1 12,197,412,403,0
images_416x416\106.jpg 230,44,274,135,1 131,169,314,276,0
images_416x416\132.jpg 131,206,302,330,0 180,65,231,190,1
images_416x416\003.jpg 112,158,276,243,0 154,6,200,86,1
images_416x416\131.jpg 146,14,237,113,1 62,138,360,227,0
images_416x416\042.jpg 122,188,299,272,0 180,28,250,142,1
images_416x416\175.jpg 2,143,390,400,0 183,3,280,167,1
images_416x416\046.jpg 213,250,345,323,0 194,26,261,120,1
images_416x416\025.jpg 196,53,246,136,1 143,208,341,319,0
images_416x416\040.jpg 162,57,225,164,1 92,171,360,361,0
images_416x416\023.jpg 48,33,126,191,1 87,161,380,333,0
images_416x416\051.jpg 83,227,365,371,0 192,69,275,228,1
images_416x416\085.jpg 48,153,361,250,0 158,34,272,154,1
images_416x416\007.jpg 143,65,201,163,1 242,130,301,347,0
images_416x416\129.jpg 78,262,328,363,0 151,7,257,121,1
images_416x416\089.jpg 113,219,290,321,0 197,75,269,170,1
images_416x416\088.jpg 163,13,253,148,1 3,140,324,345,0
images_416x416\001.jpg 192,35,270,169,1 115,263,328,393,0
images_416x416\174.jpg 0,107,405,365,0
images_416x416\050.jpg 104,243,396,387,0 132,2,225,144,1
images_416x416\018.jpg 170,73,239,172,1 93,265,288,378,0
images_416x416\010.jpg 186,12,269,156,1 22,164,380,378,0
images_416x416\114.jpg 106,245,174,321,0 156,44,249,140,1
images_416x416\035.jpg 136,310,304,386,0 32,365,221,412,0 162,13,258,80,1
images_416x416\195.jpg 33,37,367,279,0
images_416x416\043.jpg 24,136,408,308,0
images_416x416\179.jpg 199,170,391,266,0 113,3,208,134,1 235,44,315,169,1
images_416x416\027.jpg 98,30,161,125,1 98,145,336,271,0
images_416x416\093.jpg 81,160,403,262,0 94,18,209,133,1
images_416x416\155.jpg 42,133,324,253,0
images_416x416\048.jpg 62,213,386,337,0 136,11,230,123,1
images_416x416\107.jpg 97,233,310,323,0 201,46,293,143,1
images_416x416\091.jpg 179,148,208,252,0 228,104,296,190,1
images_416x416\170.jpg 22,123,380,316,0
images_416x416\153.jpg 141,5,285,141,1 79,329,355,413,0
images_416x416\098.jpg 173,0,252,125,1 112,191,295,324,0
images_416x416\016.jpg 138,9,252,188,1 6,217,303,416,0
images_416x416\095.jpg 94,203,338,343,0 117,45,203,187,1
images_416x416\013.jpg 161,31,278,144,1 40,260,374,410,0
images_416x416\017.jpg 177,54,234,153,1 74,197,326,346,0
images_416x416\105.jpg 20,216,399,409,0 55,0,177,172,1
images_416x416\103.jpg 156,19,223,154,1 93,217,308,346,0
images_416x416\024.jpg 59,157,377,360,0
images_416x416\063.jpg 56,170,345,332,0 92,25,172,163,1 240,18,318,168,1
images_416x416\146.jpg 6,91,385,383,0
images_416x416\008.jpg 106,245,321,375,0 167,17,251,146,1
images_416x416\033.jpg 167,23,245,143,1 40,174,334,393,0
images_416x416\158.jpg 187,67,251,182,1 108,218,272,315,0
images_416x416\083.jpg 0,129,405,416,0 195,4,283,131,1
images_416x416\058.jpg 74,208,359,339,0 157,73,251,190,1
images_416x416\102.jpg 131,193,352,286,0 126,97,345,189,0
images_416x416\072.jpg 203,142,403,231,0 191,62,285,149,1
images_416x416\162.jpg 36,149,354,260,0 168,8,262,103,1
images_416x416\118.jpg 70,244,401,414,0 45,5,352,115,0 43,118,381,241,0
images_416x416\135.jpg 31,211,397,397,0 126,66,235,187,1
images_416x416\090.jpg 19,97,408,287,0
images_416x416\070.jpg 171,68,250,190,1 54,241,335,374,0
images_416x416\147.jpg 11,72,389,351,0
images_416x416\163.jpg 62,151,365,416,0 169,26,234,157,1
images_416x416\006.jpg 80,158,334,265,0 191,93,243,183,1
images_416x416\165.jpg 147,0,260,136,1 26,177,388,392,0
images_416x416\068.jpg 160,224,181,319,0 146,36,206,142,1
images_416x416\059.jpg 73,119,374,316,0 150,27,219,147,1
images_416x416\038.jpg 36,9,414,400,0
images_416x416\101.jpg 37,134,261,252,0
images_416x416\034.jpg 14,30,70,343,0 77,25,133,334,0 140,16,208,339,0 215,30,278,338,0 280,38,335,340,0 335,41,394,307,0
images_416x416\148.jpg 97,34,202,166,1 75,161,408,365,0
images_416x416\199.jpg 178,78,280,166,1 49,169,365,261,0
images_416x416\111.jpg 63,261,270,378,0 197,19,277,124,1
images_416x416\166.jpg 187,19,270,174,1 37,201,348,409,0
images_416x416\188.jpg 165,94,219,162,1 113,168,329,283,0
images_416x416\121.jpg 161,55,222,162,1 63,180,305,364,0
images_416x416\161.jpg 2,64,416,281,0
images_416x416\117.jpg 18,41,394,350,0
images_416x416\173.jpg 131,35,225,195,1 110,179,355,290,0
images_416x416\020.jpg 192,23,264,156,1 105,157,303,263,0
images_416x416\022.jpg 147,50,231,167,1 65,173,389,311,0
images_416x416\084.jpg 176,59,266,159,1 110,195,283,306,0
images_416x416\053.jpg 291,145,343,320,0
images_416x416\096.jpg 289,23,374,206,1 24,167,314,338,0
images_416x416\052.jpg 181,201,325,309,0 128,44,196,158,1
images_416x416\080.jpg 36,163,384,349,0 186,10,297,164,1
images_416x416\134.jpg 0,245,271,411,0
images_416x416\154.jpg 94,50,300,355,0
images_416x416\037.jpg 1,6,105,143,1 158,257,416,390,0
images_416x416\133.jpg 6,2,415,356,0
images_416x416\167.jpg 59,53,416,289,0
